DNI
25856907
42111791
19008727
23142244
23213467
24577410
24934111
26145523
27629556
28069591
29025588
29994780
30139030
30192782
33601107
18902402
23950338
25583800
25814341
26578568
29230066
29278476
30192783
30192851
18070331
18377430
19008786
20065936
20909768
23106310
28068694
33640098
33681403
33778012
34492558
35720185
36064302
36717301
36748227
37021796
37659076
39150471
39328898
39487848
16472899
20909866
25491646
28868124
29278434
30570643
31014744
40544459
40706100
40857017
41994801
42283943
42322014
43471930
CADENILL
44968709
93591726
94602962
32896865
35612082
35720211
36304662
36959451
37480849
37803209
38239297
32896726
33354967
33433949
33490050
34313874
35061139
35197113
38239563
38360663
33209434
33884749
34532070
35619751
35720490
37844618
37945737
38062017
38660761
39493340
94726516
94984433
40494812
40551167
40568335
40662829
40720568
41894455
41894492
42116077
42230529
42280304
42776651
42881295
43015361
43510886
44935330
46096494
38917981
38932827
39105894
41954962
42882045
43659716
45130450
40662862
42028079
42047300
43301310
45787173